converged after 9 sweeps:
0.5473	0.6004	0.6798	0.7905	1.037	1.171	1.299	1.539	1.652	1.75	1.853	8.025	


Calculated value of U*A*VT
2.473	1.798	1.891	1.743	2.302	1.742	1.893	1.894	2.415	1.67	2.061	2.051	
-1.11e-15	1.404	0.9254	0.9979	0.7223	0.6975	1.233	0.9158	0.4912	0.3034	0.9046	0.6068	
-6.661e-16	0	1.572	0.593	0.4489	0.5198	0.9067	0.3843	0.9709	-0.04142	0.3605	0.8953	
2.22e-16	1.665e-16	2.22e-16	1.429	0.5698	0.351	0.7767	0.7643	0.6825	0.6388	0.1898	0.1495	
4.441e-16	-2.22e-16	0	0	1.458	-0.04618	0.7303	-0.1188	0.3701	0.08523	0.5454	0.01207	
-4.441e-16	-4.163e-16	1.11e-16	-2.22e-16	-4.441e-16	1.291	-0.2122	0.4473	0.382	-0.2947	0.5396	0.1015	
0	1.11e-16	0	4.163e-16	1.11e-16	3.886e-16	1.202	0.1935	0.3439	0.4099	0.3815	0.3201	
-8.327e-17	3.053e-16	-1.388e-16	3.608e-16	-2.776e-16	6.592e-16	6.939e-17	1.36	0.04787	-0.1557	0.07796	-0.5361	
2.776e-17	2.359e-16	-8.327e-17	-8.327e-17	1.11e-16	-1.665e-16	2.776e-17	-3.608e-16	1.006	0.4417	-0.2352	0.3456	
5.274e-16	-1.249e-16	-1.665e-16	1.11e-16	3.469e-16	-2.359e-16	1.11e-16	-1.665e-16	-4.441e-16	0.9851	0.2319	0.3264	
-2.359e-16	1.943e-16	-2.776e-16	4.163e-17	-8.327e-17	6.939e-17	6.939e-17	-2.498e-16	-1.943e-16	-4.302e-16	0.9989	0.0591	
-1.249e-16	4.163e-17	9.714e-17	-2.359e-16	9.714e-17	1.388e-17	1.388e-17	1.11e-16	4.163e-17	-1.318e-16	-1.527e-16	0.7764	
Is A = U*D*VT ?
Result: Yes, they are equal; using absolute = 1e-08 	 relative = 1e-08 precision
U -- matrix
0.0002335	-0.05029	0.1548	0.03566	0.05553	0.179	0.0175	0.00974	-0.2229	-0.3679	-0.08787	0.8625	
-0.06436	0.0052	-0.3289	-0.3533	-0.2432	-0.04755	0.5228	-0.234	0.1899	0.3802	0.2872	0.332	
0.1563	-0.01686	-0.1007	0.3438	0.1739	0.09788	-0.234	0.05501	0.8077	0.1713	-0.07232	0.2499	
-0.1111	0.004228	0.1672	0.2771	-0.4314	-0.2111	-0.2089	0.5024	-0.2093	0.5031	0.1343	0.2031	
0.07616	0.2189	-0.2134	-0.09088	-0.03297	0.06234	-0.5307	-0.5399	-0.2601	0.3753	-0.3014	0.123	
0.2104	0.09295	0.05041	-0.2303	-0.1686	-0.5508	-0.403	-0.135	0.1528	-0.3485	0.4773	0.08017	
0.08294	-0.07996	0.4714	-0.3	0.5512	-0.434	0.1086	0.02245	0.008027	0.3508	-0.1881	0.1077	
-0.03281	0.2385	-0.2032	0.0706	0.5777	0.2444	-0.1206	0.1434	-0.2277	0.1503	0.6261	0.02944	
-0.3827	-0.1907	-0.4889	-0.4569	0.1226	-0.1002	-0.274	0.4417	0.06015	-0.09535	-0.2406	0.05949	
0.5449	0.2268	-0.4803	0.2407	0.09568	-0.3756	0.2548	0.2091	-0.1994	-0.07133	-0.2389	0.04728	
-0.527	-0.2729	-0.1857	0.5059	0.1732	-0.4381	0.06972	-0.343	-0.07919	-0.05554	0.04484	0.0393	
-0.4242	0.8456	0.1186	0.006005	-0.0154	-0.1149	0.1125	0.04975	0.1597	-0.1117	-0.1536	0.02789	
V -- matrix
0.001055	-0.2071	0.5632	0.1116	0.1323	0.3779	0.03332	0.01565	-0.3336	-0.5197	-0.1173	0.2658	
-0.1643	-0.1385	-0.2696	-0.5464	-0.2329	0.2178	0.5894	-0.2021	-0.0813	-0.07297	0.1323	0.2514	
0.3411	-0.1945	-0.2498	0.3555	0.1478	0.3828	0.1147	-0.07254	0.6197	-0.04257	-0.007614	0.2905	
-0.2373	-0.144	0.178	0.3915	-0.6355	0.01793	0.08855	0.3471	-0.01168	0.3192	0.1524	0.2833	
0.1316	0.3365	-0.2091	0.008313	-0.2541	0.3349	-0.4466	-0.4048	-0.3099	0.1935	-0.2107	0.3281	
0.4859	0.03108	0.1789	-0.255	-0.3375	-0.3916	-0.2277	-0.05896	0.1815	-0.3298	0.3708	0.2533	
0.1594	-0.09455	0.4801	-0.2771	0.2911	-0.1316	0.1013	-0.1095	0.1023	0.6215	-0.1733	0.3276	
-0.04906	0.3842	-0.08255	0.04254	0.4244	0.142	0.001653	0.268	-0.1856	0.09932	0.667	0.283	
-0.3734	-0.3726	-0.2502	-0.3103	0.1474	-0.05602	-0.512	0.3329	0.1275	-0.0882	-0.1379	0.3492	
0.4656	-0.03077	-0.3346	0.09698	0.06495	-0.2706	0.2549	0.4196	-0.4116	-0.02392	-0.3526	0.2193	
-0.2711	-0.2027	-0.1325	0.4	0.1812	-0.5035	0.07951	-0.5342	-0.1511	-0.08243	0.1049	0.2986	
-0.299	0.654	0.1038	0.006114	-0.02058	-0.1733	0.1882	0.0986	0.34	-0.2517	-0.3666	0.2882	



 TESTING IMPLEMENTATION FOR ORTHOGONALITY
Is V*VT == IDENTITY ?
1	1.943e-16	-1.249e-16	-1.804e-16	2.914e-16	-2.776e-17	-4.163e-16	2.776e-17	2.776e-17	5.829e-16	-1.388e-17	2.776e-17	
1.943e-16	1	4.163e-16	1.665e-16	-1.388e-16	1.388e-17	-5.551e-17	1.804e-16	2.776e-17	-3.4e-16	-4.163e-17	1.388e-16	
-1.249e-16	4.163e-16	1	2.498e-16	1.11e-16	4.025e-16	2.776e-17	-2.22e-16	2.776e-17	-2.776e-16	1.388e-17	-1.804e-16	
-1.804e-16	1.665e-16	2.498e-16	1	-1.665e-16	-1.249e-16	1.388e-17	2.22e-16	8.327e-17	1.874e-16	2.082e-16	-3.192e-16	
2.914e-16	-1.388e-16	1.11e-16	-1.665e-16	1	-6.245e-16	3.331e-16	0	-1.11e-16	1.527e-16	-1.665e-16	3.331e-16	
-2.776e-17	1.388e-17	4.025e-16	-1.249e-16	-6.245e-16	1	-1.249e-16	3.886e-16	-1.388e-16	-1.249e-16	-1.943e-16	0	
-4.163e-16	-5.551e-17	2.776e-17	1.388e-17	3.331e-16	-1.249e-16	1	-5.551e-17	4.163e-17	6.939e-17	-9.714e-17	2.776e-17	
2.776e-17	1.804e-16	-2.22e-16	2.22e-16	0	3.886e-16	-5.551e-17	1	-2.498e-16	-8.327e-17	5.551e-17	4.302e-16	
2.776e-17	2.776e-17	2.776e-17	8.327e-17	-1.11e-16	-1.388e-16	4.163e-17	-2.498e-16	1	-2.914e-16	-8.327e-17	-2.082e-16	
5.829e-16	-3.4e-16	-2.776e-16	1.874e-16	1.527e-16	-1.249e-16	6.939e-17	-8.327e-17	-2.914e-16	1	-5.551e-17	-2.359e-16	
-1.388e-17	-4.163e-17	1.388e-17	2.082e-16	-1.665e-16	-1.943e-16	-9.714e-17	5.551e-17	-8.327e-17	-5.551e-17	1	-2.776e-17	
2.776e-17	1.388e-16	-1.804e-16	-3.192e-16	3.331e-16	0	2.776e-17	4.302e-16	-2.082e-16	-2.359e-16	-2.776e-17	1	
Result: Yes, they are equal; using absolute = 1e-08 	 relative = 1e-08 precision
Is VT*V == IDENTITY ?
1	0	4.545e-16	1.6e-16	-3.946e-16	-4.163e-17	7.633e-17	0	1.388e-16	-9.714e-17	8.327e-17	0	
0	1	2.776e-16	5.291e-17	2.828e-16	9.714e-17	1.665e-16	-6.939e-17	-3.608e-16	2.776e-17	3.608e-16	1.943e-16	
4.545e-16	2.776e-16	1	-3.229e-16	1.492e-16	-3.643e-16	2.776e-17	-8.5e-17	-2.151e-16	3.816e-17	-8.327e-17	-6.592e-17	
1.6e-16	5.291e-17	-3.229e-16	1	7.074e-17	-6.202e-17	1.919e-16	-2.484e-16	-4.354e-16	-2.299e-17	-2.429e-17	-1.939e-16	
-3.946e-16	2.828e-16	1.492e-16	7.074e-17	1	-9.541e-17	-1.613e-16	9.931e-17	-2.888e-16	3.929e-16	7.806e-18	3.044e-16	
-4.163e-17	9.714e-17	-3.643e-16	-6.202e-17	-9.541e-17	1	1.596e-16	-1.076e-16	-5.551e-17	-9.021e-17	-3.192e-16	4.372e-16	
7.633e-17	1.665e-16	2.776e-17	1.919e-16	-1.613e-16	1.596e-16	1	-3.157e-16	-9.714e-17	-6.939e-18	3.608e-16	2.776e-17	
0	-6.939e-17	-8.5e-17	-2.484e-16	9.931e-17	-1.076e-16	-3.157e-16	1	-3.747e-16	-1.769e-16	3.469e-16	3.469e-18	
1.388e-16	-3.608e-16	-2.151e-16	-4.354e-16	-2.888e-16	-5.551e-17	-9.714e-17	-3.747e-16	1	6.939e-17	4.441e-16	1.388e-16	
-9.714e-17	2.776e-17	3.816e-17	-2.299e-17	3.929e-16	-9.021e-17	-6.939e-18	-1.769e-16	6.939e-17	1	-3.747e-16	6.939e-17	
8.327e-17	3.608e-16	-8.327e-17	-2.429e-17	7.806e-18	-3.192e-16	3.608e-16	3.469e-16	4.441e-16	-3.747e-16	1	3.053e-16	
0	1.943e-16	-6.592e-17	-1.939e-16	3.044e-16	4.372e-16	2.776e-17	3.469e-18	1.388e-16	6.939e-17	3.053e-16	1	
Result: Yes, they are equal; using absolute = 1e-08 	 relative = 1e-08 precision
Is U*UT == IDENTITY ?
1	-5.866e-10	3.889e-10	-8.363e-10	-8.797e-11	1.273e-12	1.343e-09	2.043e-09	7.603e-10	3.945e-10	3.497e-10	-9.429e-11	
-5.866e-10	1	1.085e-09	-1.168e-09	1.885e-10	-4.591e-10	-2.371e-10	1.667e-09	-1.583e-09	2.246e-09	-1.85e-09	1.762e-09	
3.889e-10	1.085e-09	1	1.398e-09	-3.087e-10	7.053e-10	-1.305e-09	-1.012e-09	3.429e-10	-2.357e-09	1.028e-09	-5.277e-10	
-8.363e-10	-1.168e-09	1.398e-09	1	-3.494e-10	-2.022e-09	-3.942e-10	-1.375e-09	-5.185e-11	-7.341e-10	5.008e-10	-5.276e-10	
-8.797e-11	1.885e-10	-3.087e-10	-3.494e-10	1	-2.23e-10	1.808e-09	-7.474e-10	2.848e-10	-4.364e-10	2.125e-09	-2.131e-09	
1.273e-12	-4.591e-10	7.053e-10	-2.022e-09	-2.23e-10	1	1.334e-09	-1.194e-09	-3.907e-09	7.425e-10	-1.333e-09	-3.768e-09	
1.343e-09	-2.371e-10	-1.305e-09	-3.942e-10	1.808e-09	1.334e-09	1	2.852e-10	4.06e-10	-5.883e-10	4.072e-10	6.678e-10	
2.043e-09	1.667e-09	-1.012e-09	-1.375e-09	-7.474e-10	-1.194e-09	2.852e-10	1	-1.157e-09	2.288e-09	-3.706e-09	-2.61e-09	
7.603e-10	-1.583e-09	3.429e-10	-5.185e-11	2.848e-10	-3.907e-09	4.06e-10	-1.157e-09	1	-2.523e-09	2.059e-09	1.115e-09	
3.945e-10	2.246e-09	-2.357e-09	-7.341e-10	-4.364e-10	7.425e-10	-5.883e-10	2.288e-09	-2.523e-09	1	2.321e-09	2.359e-09	
3.497e-10	-1.85e-09	1.028e-09	5.008e-10	2.125e-09	-1.333e-09	4.072e-10	-3.706e-09	2.059e-09	2.321e-09	1	5.216e-10	
-9.429e-11	1.762e-09	-5.277e-10	-5.276e-10	-2.131e-09	-3.768e-09	6.678e-10	-2.61e-09	1.115e-09	2.359e-09	5.216e-10	1	
Result: Yes, they are equal; using absolute = 1e-08 	 relative = 1e-08 precision
Is UT*U == IDENTITY ?
1	5.551e-17	2.637e-09	-4.132e-12	8.981e-14	5.69e-15	-5.463e-14	-4.315e-09	-1.196e-09	-3.304e-10	8.405e-09	-7.618e-12	
5.551e-17	1	2.467e-12	4.406e-16	-3.469e-17	1.388e-17	6.086e-09	-7.091e-11	-1.569e-11	-5.653e-12	1.146e-10	4.561e-12	
2.637e-09	2.467e-12	1	-4.087e-17	-1.258e-17	-1.865e-09	-1.079e-09	9.783e-12	2.719e-12	7.501e-13	-1.91e-11	-7.602e-13	
-4.132e-12	4.406e-16	-4.087e-17	1	-2.953e-09	-2.439e-10	-1.431e-10	1.301e-12	3.603e-13	9.954e-14	-2.534e-12	3.003e-14	
8.981e-14	-3.469e-17	-1.258e-17	-2.953e-09	1	2.856e-12	1.825e-12	-1.67e-14	-2.532e-09	-3.495e-10	3.238e-14	2.448e-09	
5.69e-15	1.388e-17	-1.865e-09	-2.439e-10	2.856e-12	1	1.096e-13	2.26e-09	-2.061e-10	-2.625e-11	2.519e-09	3.093e-10	
-5.463e-14	6.086e-09	-1.079e-09	-1.431e-10	1.825e-12	1.096e-13	1	-3.704e-16	-1.332e-10	-1.634e-11	1.449e-09	2.345e-10	
-4.315e-09	-7.091e-11	9.783e-12	1.301e-12	-1.67e-14	2.26e-09	-3.704e-16	1	2.233e-12	1.01e-13	-1.759e-11	-5.67e-12	
-1.196e-09	-1.569e-11	2.719e-12	3.603e-13	-2.532e-09	-2.061e-10	-1.332e-10	2.233e-12	1	5.012e-14	-2.888e-12	-4.473e-13	
-3.304e-10	-5.653e-12	7.501e-13	9.954e-14	-3.495e-10	-2.625e-11	-1.634e-11	1.01e-13	5.012e-14	1	-3.192e-13	2.556e-13	
8.405e-09	1.146e-10	-1.91e-11	-2.534e-12	3.238e-14	2.519e-09	1.449e-09	-1.759e-11	-2.888e-12	-3.192e-13	1	9.508e-12	
-7.618e-12	4.561e-12	-7.602e-13	3.003e-14	2.448e-09	3.093e-10	2.345e-10	-5.67e-12	-4.473e-13	2.556e-13	9.508e-12	1	
Result: Yes, they are equal; using absolute = 1e-08 	 relative = 1e-08 precision
