converged after 8 sweeps:
0.4153	0.6229	0.6738	0.9803	1.079	1.165	1.26	1.321	1.476	1.597	1.734	7.515	


Calculated value of U*A*VT
2.492	1.851	1.993	2.445	2.018	1.976	2.065	1.998	1.763	1.989	1.496	1.139	
2.22e-16	1.726	0.8556	0.7036	0.1518	0.7339	0.9306	0.5236	0.519	0.5877	0.6589	0.7456	
-2.22e-16	-4.996e-16	1.322	0.108	0.1326	0.6161	0.0764	0.3653	0.4515	0.2949	0.5049	0.2993	
1.11e-16	1.11e-16	-1.665e-16	1.427	0.5275	0.06526	0.2347	0.4965	0.2261	0.4282	0.2405	0.5846	
-6.106e-16	-2.22e-16	-1.11e-16	2.776e-16	1.244	0.4136	0.7008	0.1927	0.004639	-0.2784	0.1779	0.1724	
-3.053e-16	-5.551e-16	-5.551e-17	-1.11e-16	0	1.127	0.4979	-0.1148	-0.2244	0.2946	0.2768	0.5325	
-3.053e-16	-5.829e-16	-1.943e-16	0	-8.327e-17	-2.776e-16	1.197	0.5437	0.1992	0.4398	0.2428	0.1047	
1.388e-17	-3.331e-16	-2.082e-16	-4.163e-17	-1.943e-16	-9.714e-17	1.804e-16	1.087	-0.2033	-0.0238	-0.1288	0.07125	
-8.327e-17	8.327e-17	-1.11e-16	-8.327e-17	1.388e-17	2.359e-16	4.163e-17	1.249e-16	0.8779	0.1244	-0.2252	0.2337	
-1.665e-16	2.359e-16	-1.527e-16	9.714e-17	3.886e-16	-1.11e-16	-5.551e-17	1.527e-16	-1.943e-16	0.9679	-0.4559	0.3535	
-2.498e-16	-4.857e-16	4.718e-16	-3.331e-16	1.388e-16	2.776e-16	-2.359e-16	3.053e-16	-8.327e-17	-8.327e-17	1.266	0.03418	
1.388e-17	1.388e-16	-2.082e-17	1.388e-17	1.11e-16	6.939e-17	-2.082e-17	3.469e-17	-9.714e-17	-2.498e-16	-3.469e-17	0.6902	
Is A = U*D*VT ?
Result: Yes, they are equal; using absolute = 1e-08 	 relative = 1e-08 precision
U -- matrix
-0.06792	-0.02239	-0.08509	-0.1451	0.1772	-0.08584	-0.04919	-0.1452	-0.2023	-0.004026	-0.2182	0.9032	
0.1013	-0.05103	0.08958	-0.007273	-0.2906	-0.3164	-0.1446	0.3773	0.3225	-0.2395	0.6104	0.312	
-0.07485	0.09234	0.2937	0.289	-0.3639	0.5285	0.0805	-0.3083	-0.3642	-0.07308	0.3749	0.1559	
0.05244	0.2698	0.1611	0.1753	-0.193	0.2295	0.4934	0.5574	0.1578	-0.07527	-0.4065	0.1669	
0.1456	-0.2924	0.1736	0.2281	-0.4142	-0.2254	0.02737	-0.1763	0.2023	0.694	-0.156	0.1005	
0.177	0.3187	-0.2851	-0.2861	0.1367	0.1903	0.4565	-0.3012	0.4106	0.2532	0.3307	0.08907	
-0.2361	0.2165	0.1363	0.4113	0.3842	0.2928	-0.4672	0.04347	0.4616	0.1776	0.0104	0.1072	
0.2647	-0.1475	-0.3477	-0.3392	-0.37	0.5269	-0.4417	0.1282	0.1197	0.002032	-0.1754	0.03271	
0.3933	0.05442	-0.5516	0.6462	-0.03766	-0.1284	0.01141	-0.1702	-0.002943	-0.2607	-0.06644	0.03335	
0.264	-0.5593	0.3588	-0.009047	0.2097	0.1755	0.1734	-0.263	0.3657	-0.4073	-0.1186	0.03253	
0.2569	-0.4046	-0.1121	0.1304	0.4172	0.2295	0.13	0.4378	-0.3124	0.3427	0.2981	0.04059	
-0.7128	-0.4249	-0.4196	0.1089	-0.1423	0.1013	0.239	0.02974	0.171	-0.05622	0.0468	0.01855	
V -- matrix
-0.4076	-0.08961	-0.3148	-0.3689	0.4095	-0.1837	-0.09731	-0.2738	-0.3418	-0.006282	-0.3135	0.2995	
0.1184	-0.2079	-0.004276	-0.2867	-0.1609	-0.6053	-0.2703	0.2894	0.1234	-0.2634	0.3746	0.2941	
-0.3554	0.05418	0.4382	0.08835	-0.3488	0.2204	-0.09155	-0.283	-0.4126	-0.1938	0.3361	0.3025	
-0.06747	0.4884	0.173	-0.08015	-0.07948	-0.04117	0.3895	0.5089	-0.05557	-0.1838	-0.371	0.357	
0.1857	-0.4207	0.2698	0.1231	-0.3261	-0.2665	0.1459	-0.1527	-0.04934	0.4817	-0.4072	0.2799	
0.3783	0.3707	-0.238	-0.3372	-0.1086	0.0515	0.3208	-0.4357	0.1146	0.212	0.3053	0.301	
-0.3171	0.304	0.1643	0.2718	0.241	-0.07763	-0.3387	-0.04766	0.5353	0.3572	0.06833	0.326	
0.1999	-0.06306	-0.2573	-0.1726	-0.2924	0.5463	-0.5403	0.178	0.05606	0.003714	-0.2504	0.2942	
0.2801	0.136	-0.3801	0.708	0.03685	-0.1977	-0.08685	-0.1311	-0.2333	-0.2686	-0.04953	0.251	
0.315	-0.3088	0.3764	-0.02006	0.4851	0.2459	0.1218	-0.1653	0.2479	-0.4193	-0.06459	0.2897	
0.09581	-0.1887	-0.04857	0.09675	0.3614	0.2064	0.1176	0.4553	-0.3739	0.4357	0.4051	0.2354	
-0.4289	-0.3834	-0.4095	0.1546	-0.2224	0.171	0.4362	0.05694	0.3656	-0.1301	0.1176	0.2019	



 TESTING IMPLEMENTATION FOR ORTHOGONALITY
Is V*VT == IDENTITY ?
1	2.776e-16	-4.163e-17	2.359e-16	-1.943e-16	-1.527e-16	-4.163e-16	-4.163e-17	1.388e-16	-4.163e-17	-1.388e-17	-2.776e-17	
2.776e-16	1	-1.11e-16	1.527e-16	0	-2.082e-16	-4.441e-16	-1.804e-16	2.22e-16	0	-5.412e-16	2.151e-16	
-4.163e-17	-1.11e-16	1	-2.776e-17	-1.388e-16	-6.939e-17	4.163e-17	1.388e-17	-2.359e-16	-1.388e-17	1.388e-16	9.714e-17	
2.359e-16	1.527e-16	-2.776e-17	1	3.192e-16	-1.249e-16	-1.11e-16	-1.11e-16	-1.527e-16	-5.551e-17	5.551e-17	-2.082e-16	
-1.943e-16	0	-1.388e-16	3.192e-16	1	1.804e-16	-1.249e-16	-2.914e-16	-1.388e-17	3.192e-16	2.359e-16	1.943e-16	
-1.527e-16	-2.082e-16	-6.939e-17	-1.249e-16	1.804e-16	1	-1.804e-16	-6.939e-17	1.388e-16	-1.665e-16	9.714e-17	2.082e-16	
-4.163e-16	-4.441e-16	4.163e-17	-1.11e-16	-1.249e-16	-1.804e-16	1	1.943e-16	-1.804e-16	-4.163e-17	-1.527e-16	-1.665e-16	
-4.163e-17	-1.804e-16	1.388e-17	-1.11e-16	-2.914e-16	-6.939e-17	1.943e-16	1	-1.943e-16	-8.327e-17	1.11e-16	1.804e-16	
1.388e-16	2.22e-16	-2.359e-16	-1.527e-16	-1.388e-17	1.388e-16	-1.804e-16	-1.943e-16	1	-3.053e-16	4.163e-17	-1.11e-16	
-4.163e-17	0	-1.388e-17	-5.551e-17	3.192e-16	-1.665e-16	-4.163e-17	-8.327e-17	-3.053e-16	1	0	1.388e-17	
-1.388e-17	-5.412e-16	1.388e-16	5.551e-17	2.359e-16	9.714e-17	-1.527e-16	1.11e-16	4.163e-17	0	1	-1.735e-16	
-2.776e-17	2.151e-16	9.714e-17	-2.082e-16	1.943e-16	2.082e-16	-1.665e-16	1.804e-16	-1.11e-16	1.388e-17	-1.735e-16	1	
Result: Yes, they are equal; using absolute = 1e-08 	 relative = 1e-08 precision
Is VT*V == IDENTITY ?
1	-2.776e-16	-4.718e-16	-2.22e-16	3.053e-16	4.163e-17	4.996e-16	-7.286e-17	1.11e-16	1.18e-16	-2.914e-16	2.082e-16	
-2.776e-16	1	-2.776e-16	1.804e-16	-5.551e-17	-6.939e-17	-2.776e-16	-2.22e-16	8.327e-17	4.996e-16	3.261e-16	-2.498e-16	
-4.718e-16	-2.776e-16	1	4.025e-16	4.302e-16	6.939e-17	2.498e-16	-1.769e-16	1.11e-16	-1.18e-16	0	2.637e-16	
-2.22e-16	1.804e-16	4.025e-16	1	2.567e-16	-1.353e-16	-1.388e-16	-1.37e-16	2.082e-17	4.129e-16	6.245e-17	-2.082e-17	
3.053e-16	-5.551e-17	4.302e-16	2.567e-16	1	-7.633e-17	1.11e-16	-3.296e-17	2.914e-16	-1.284e-16	-2.255e-16	-2.845e-16	
4.163e-17	-6.939e-17	6.939e-17	-1.353e-16	-7.633e-17	1	-6.384e-16	-7.633e-17	4.163e-17	2.498e-16	5.204e-17	2.706e-16	
4.996e-16	-2.776e-16	2.498e-16	-1.388e-16	1.11e-16	-6.384e-16	1	-4.927e-16	-3.886e-16	2.22e-16	7.633e-17	-1.11e-16	
-7.286e-17	-2.22e-16	-1.769e-16	-1.37e-16	-3.296e-17	-7.633e-17	-4.927e-16	1	-9.368e-17	1.475e-17	-5.733e-16	-2.082e-16	
1.11e-16	8.327e-17	1.11e-16	2.082e-17	2.914e-16	4.163e-17	-3.886e-16	-9.368e-17	1	1.943e-16	-2.151e-16	6.939e-17	
1.18e-16	4.996e-16	-1.18e-16	4.129e-16	-1.284e-16	2.498e-16	2.22e-16	1.475e-17	1.943e-16	1	-1.318e-16	6.939e-17	
-2.914e-16	3.261e-16	0	6.245e-17	-2.255e-16	5.204e-17	7.633e-17	-5.733e-16	-2.151e-16	-1.318e-16	1	-3.469e-17	
2.082e-16	-2.498e-16	2.637e-16	-2.082e-17	-2.845e-16	2.706e-16	-1.11e-16	-2.082e-16	6.939e-17	6.939e-17	-3.469e-17	1	
Result: Yes, they are equal; using absolute = 1e-08 	 relative = 1e-08 precision
Is U*UT == IDENTITY ?
1	-4.599e-10	1.072e-09	5.781e-10	-8.546e-10	-9.655e-10	1.155e-09	-2.382e-09	-5.071e-09	-1.326e-09	-2.947e-09	1.46e-09	
-4.599e-10	1	1.2e-09	2.599e-11	1.251e-10	-1.858e-10	-1.167e-10	6.883e-10	-1.586e-09	-1.017e-09	-7.358e-10	7.569e-10	
1.072e-09	1.2e-09	1	-1.447e-10	-4.149e-10	6.513e-10	3.303e-10	-7.631e-10	3.162e-10	4.661e-10	-2.75e-10	6.031e-10	
5.781e-10	2.599e-11	-1.447e-10	1	-9.58e-10	2.608e-10	9.316e-10	-4.731e-10	-4.885e-10	2.518e-10	2.994e-10	2.568e-10	
-8.546e-10	1.251e-10	-4.149e-10	-9.58e-10	1	-9.585e-11	-6.745e-10	-2.204e-10	-6.575e-11	-7.484e-10	2.917e-10	7.879e-11	
-9.655e-10	-1.858e-10	6.513e-10	2.608e-10	-9.585e-11	1	-4.384e-12	4.27e-10	-6.007e-10	-3.308e-10	-7.69e-10	1.896e-10	
1.155e-09	-1.167e-10	3.303e-10	9.316e-10	-6.745e-10	-4.384e-12	1	7.767e-11	-1.079e-09	7.863e-10	-4.99e-10	1.753e-10	
-2.382e-09	6.883e-10	-7.631e-10	-4.731e-10	-2.204e-10	4.27e-10	7.767e-11	1	8.001e-10	5.132e-10	-5.253e-10	5.328e-10	
-5.071e-09	-1.586e-09	3.162e-10	-4.885e-10	-6.575e-11	-6.007e-10	-1.079e-09	8.001e-10	1	-6.05e-10	-6.012e-10	2.074e-10	
-1.326e-09	-1.017e-09	4.661e-10	2.518e-10	-7.484e-10	-3.308e-10	7.863e-10	5.132e-10	-6.05e-10	1	-5.065e-11	1.457e-11	
-2.947e-09	-7.358e-10	-2.75e-10	2.994e-10	2.917e-10	-7.69e-10	-4.99e-10	-5.253e-10	-6.012e-10	-5.065e-11	1	1.51e-10	
1.46e-09	7.569e-10	6.031e-10	2.568e-10	7.879e-11	1.896e-10	1.753e-10	5.328e-10	2.074e-10	1.457e-11	1.51e-10	1	
Result: Yes, they are equal; using absolute = 1e-08 	 relative = 1e-08 precision
Is UT*U == IDENTITY ?
1	2.748e-14	4.441e-16	-9.714e-17	-1.26e-09	7.131e-11	2.167e-12	1.067e-12	-3.507e-14	-5.124e-14	1.048e-14	-5.812e-09	
2.748e-14	1	-3.608e-16	8.327e-17	8.323e-10	-4.353e-11	-9.863e-13	-2.782e-13	6.856e-15	9.145e-15	-1.641e-15	1.876e-09	
4.441e-16	-3.608e-16	1	9.714e-17	2.078e-09	-1.269e-10	-1.234e-12	-9.547e-14	9.576e-16	1.332e-15	-1.769e-16	3.417e-09	
-9.714e-17	8.327e-17	9.714e-17	1	-1.735e-18	6.618e-10	9.421e-13	1.491e-14	-3.469e-18	-1.18e-16	-1.44e-16	-1.932e-09	
-1.26e-09	8.323e-10	2.078e-09	-1.735e-18	1	9.137e-10	7.706e-14	3.825e-16	-5.985e-11	-8.674e-18	-1.742e-09	-4.858e-10	
7.131e-11	-4.353e-11	-1.269e-10	6.618e-10	9.137e-10	1	-8.035e-15	-2.949e-17	2.013e-09	-1.361e-09	1.403e-10	1.472e-10	
2.167e-12	-9.863e-13	-1.234e-12	9.421e-13	7.706e-14	-8.035e-15	1	-5.898e-17	-9.484e-10	1.293e-11	1.489e-12	-6.403e-11	
1.067e-12	-2.782e-13	-9.547e-14	1.491e-14	3.825e-16	-2.949e-17	-5.898e-17	1	4.113e-10	9.081e-12	4.137e-13	-4.215e-11	
-3.507e-14	6.856e-15	9.576e-16	-3.469e-18	-5.985e-11	2.013e-09	-9.484e-10	4.113e-10	1	-6.391e-13	-1.258e-14	2.082e-12	
-5.124e-14	9.145e-15	1.332e-15	-1.18e-16	-8.674e-18	-1.361e-09	1.293e-11	9.081e-12	-6.391e-13	1	-1.882e-14	4.017e-12	
1.048e-14	-1.641e-15	-1.769e-16	-1.44e-16	-1.742e-09	1.403e-10	1.489e-12	4.137e-13	-1.258e-14	-1.882e-14	1	-1.055e-12	
-5.812e-09	1.876e-09	3.417e-09	-1.932e-09	-4.858e-10	1.472e-10	-6.403e-11	-4.215e-11	2.082e-12	4.017e-12	-1.055e-12	1	
Result: Yes, they are equal; using absolute = 1e-08 	 relative = 1e-08 precision
