converged after 7 sweeps:
0.2486	0.3928	0.5334	0.7748	0.8818	1.104	1.289	4.535	


Calculated value of U*A*VT
1.776	1.637	1.27	1.408	1.526	1.074	1.485	1.546	
5.551e-17	0.9944	1.053	0.08629	0.3041	0.05373	0.8223	0.107	
0	-7.216e-16	1.029	0.5204	0.322	0.06532	0.2292	0.3526	
2.776e-16	-1.665e-16	-3.331e-16	0.7437	0.478	0.03795	0.7079	-0.02519	
-8.327e-17	-1.665e-16	-3.331e-16	-1.11e-16	0.9578	-0.04307	0.08207	-0.01593	
-2.776e-17	0	8.327e-17	-8.327e-17	-1.943e-16	0.4662	-0.06344	0.2886	
1.804e-16	-8.327e-17	-2.776e-17	1.041e-16	-2.776e-17	-6.939e-18	0.5347	-0.09037	
-1.388e-17	-1.943e-16	4.163e-17	-9.714e-17	-1.527e-16	6.245e-17	-6.939e-17	0.7117	
Is A = U*D*VT ?
Result: Yes, they are equal; using absolute = 1e-08 	 relative = 1e-08 precision
U -- matrix
0.06661	0.0822	-0.1413	-0.004906	0.1343	-0.07937	-0.3209	0.9173	
-0.2534	-0.09725	0.2335	-0.1989	0.2649	-0.2028	0.7997	0.2854	
0.2343	-0.01378	-0.2049	0.1478	-0.8407	-0.05287	0.3632	0.199	
-0.4266	-0.06558	0.1631	0.5225	-0.0408	0.6947	0.07302	0.1564	
0.1075	-0.09083	0.1733	-0.7656	-0.1804	0.5679	-0.04389	0.08314	
-0.1028	-0.9328	0.1459	0.02528	-0.113	-0.1981	-0.2093	0.03986	
0.8135	-0.1371	0.33	0.2785	0.2642	0.1894	0.1605	0.03939	
-0.1029	0.2867	0.8347	0.03345	-0.297	-0.2636	-0.2208	0.05398	
V -- matrix
0.4758	0.3716	-0.4705	-0.01125	0.2705	-0.1277	-0.4421	0.3593	
-0.575	0.09639	0.001512	-0.2656	0.5481	-0.3003	0.2094	0.3937	
0.2372	-0.03096	-0.2711	-0.08187	-0.4717	-0.3339	0.6269	0.3682	
-0.4966	0.1308	-0.3077	0.5698	-0.2903	0.326	-0.1081	0.3387	
-0.003776	-0.06849	0.06242	-0.6504	-0.2013	0.6125	-0.106	0.376	
0.01806	-0.8941	-0.1611	0.07524	0.0648	-0.1721	-0.2878	0.2282	
0.3722	-0.07398	0.4349	0.4097	0.3735	0.322	0.3193	0.3922	
-0.03595	0.1582	0.6256	0.03642	-0.368	-0.4089	-0.4	0.344	



 TESTING IMPLEMENTATION FOR ORTHOGONALITY
Is V*VT == IDENTITY ?
1	2.498e-16	-3.053e-16	-2.776e-17	1.388e-16	-2.22e-16	2.776e-17	2.082e-16	
2.498e-16	1	-1.943e-16	-3.886e-16	2.776e-17	2.776e-17	-1.388e-16	-1.665e-16	
-3.053e-16	-1.943e-16	1	-3.053e-16	-1.665e-16	-8.327e-17	-1.388e-16	3.053e-16	
-2.776e-17	-3.886e-16	-3.053e-16	1	-1.665e-16	-5.551e-17	1.388e-16	-4.163e-17	
1.388e-16	2.776e-17	-1.665e-16	-1.665e-16	1	-5.551e-17	-2.776e-16	-2.776e-16	
-2.22e-16	2.776e-17	-8.327e-17	-5.551e-17	-5.551e-17	1	0	8.327e-17	
2.776e-17	-1.388e-16	-1.388e-16	1.388e-16	-2.776e-16	0	1	-3.331e-16	
2.082e-16	-1.665e-16	3.053e-16	-4.163e-17	-2.776e-16	8.327e-17	-3.331e-16	1	
Result: Yes, they are equal; using absolute = 1e-08 	 relative = 1e-08 precision
Is VT*V == IDENTITY ?
1	4.597e-17	1.631e-16	2.845e-16	-2.481e-16	9.888e-17	2.602e-16	1.683e-16	
4.597e-17	1	-9.714e-17	-1.162e-16	1.18e-16	8.327e-17	-1.388e-17	-3.469e-17	
1.631e-16	-9.714e-17	1	3.123e-16	1.388e-16	5.551e-17	1.11e-16	-5.551e-17	
2.845e-16	-1.162e-16	3.123e-16	1	-6.939e-18	1.874e-16	7.806e-17	-1.509e-16	
-2.481e-16	1.18e-16	1.388e-16	-6.939e-18	1	2.22e-16	-2.498e-16	2.776e-16	
9.888e-17	8.327e-17	5.551e-17	1.874e-16	2.22e-16	1	-2.776e-16	-1.665e-16	
2.602e-16	-1.388e-17	1.11e-16	7.806e-17	-2.498e-16	-2.776e-16	1	1.665e-16	
1.683e-16	-3.469e-17	-5.551e-17	-1.509e-16	2.776e-16	-1.665e-16	1.665e-16	1	
Result: Yes, they are equal; using absolute = 1e-08 	 relative = 1e-08 precision
Is U*UT == IDENTITY ?
1	-1.73e-09	-9.423e-10	4.242e-10	-1.067e-09	8.194e-10	-7.643e-10	8.244e-10	
-1.73e-09	1	-2.101e-09	-2.298e-09	6.424e-10	5.97e-10	-1.052e-09	-3.797e-10	
-9.423e-10	-2.101e-09	1	1.447e-09	2.983e-09	-1.071e-09	8.121e-10	-7.931e-10	
4.242e-10	-2.298e-09	1.447e-09	1	7.668e-10	-7.46e-10	-1.156e-09	1.703e-09	
-1.067e-09	6.424e-10	2.983e-09	7.668e-10	1	1.81e-09	1.83e-10	-6.356e-10	
8.194e-10	5.97e-10	-1.071e-09	-7.46e-10	1.81e-09	1	-2.089e-10	-3.854e-10	
-7.643e-10	-1.052e-09	8.121e-10	-1.156e-09	1.83e-10	-2.089e-10	1	1.205e-09	
8.244e-10	-3.797e-10	-7.931e-10	1.703e-09	-6.356e-10	-3.854e-10	1.205e-09	1	
Result: Yes, they are equal; using absolute = 1e-08 	 relative = 1e-08 precision
Is UT*U == IDENTITY ?
1	-8.745e-13	4.163e-17	-4.337e-18	-1.144e-09	2.433e-10	-2.866e-11	-6.447e-10	
-8.745e-13	1	2.776e-17	2.93e-09	-5.421e-12	1.102e-12	-7.432e-14	-1.892e-11	
4.163e-17	2.776e-17	1	2.437e-10	-3.647e-14	-2.776e-17	8.327e-17	-1.226e-11	
-4.337e-18	2.93e-09	2.437e-10	1	-6.904e-16	-1.579e-16	-2.693e-09	2.305e-13	
-1.144e-09	-5.421e-12	-3.647e-14	-6.904e-16	1	-4.504e-09	2.551e-10	-8.809e-15	
2.433e-10	1.102e-12	-2.776e-17	-1.579e-16	-4.504e-09	1	-5.52e-11	2.026e-15	
-2.866e-11	-7.432e-14	8.327e-17	-2.693e-09	2.551e-10	-5.52e-11	1	-2.967e-09	
-6.447e-10	-1.892e-11	-1.226e-11	2.305e-13	-8.809e-15	2.026e-15	-2.967e-09	1	
Result: Yes, they are equal; using absolute = 1e-08 	 relative = 1e-08 precision
